Hmotnosť predmetov v batohu: 13882
Počet predmetov v batohu: 330
Cena predmetov v batohu: 9588
50 42 0
62 46 0
64 29 1
8 32 1
20 26 1
7 34 1
24 38 1
39 38 1
65 26 1
21 49 0
14 34 1
79 30 1
15 20 1
75 20 1
64 27 1
74 27 1
67 27 1
62 31 1
60 48 0
66 24 1
72 31 1
68 23 1
12 38 1
5 36 1
22 26 1
28 29 1
19 46 0
10 26 1
15 30 1
68 34 1
75 33 1
34 36 1
66 42 0
12 22 1
34 40 0
46 26 1
66 22 1
25 22 1
24 46 0
76 37 1
51 38 1
48 31 1
36 50 0
22 24 1
11 23 1
60 27 1
31 22 1
67 26 1
77 48 0
39 50 0
55 43 0
35 25 1
33 23 1
6 32 1
54 40 0
36 27 1
33 22 1
57 24 1
60 23 1
49 42 0
33 22 1
23 30 1
76 33 1
33 43 0
56 40 0
42 24 1
41 35 1
46 36 1
80 27 1
60 22 1
18 31 1
49 21 1
74 35 1
28 40 0
6 37 1
27 34 1
37 21 1
9 46 0
52 43 0
20 42 0
34 42 0
69 37 1
60 26 1
14 44 0
10 27 1
9 25 1
61 25 1
51 37 1
53 39 1
10 50 0
20 37 1
45 48 0
53 43 0
66 44 0
27 31 1
40 39 1
41 46 0
19 29 1
29 23 1
27 37 1
6 47 0
54 41 0
24 32 1
54 28 1
77 27 1
54 23 1
19 34 1
38 38 1
35 21 1
17 24 1
71 36 1
29 21 1
32 46 0
17 30 1
18 36 1
22 28 1
22 50 0
17 41 0
52 30 1
70 43 0
25 22 1
57 23 1
71 34 1
18 21 1
16 40 0
63 20 1
23 36 1
74 34 1
39 36 1
38 43 0
18 41 0
9 37 1
13 29 1
26 25 1
61 26 1
34 35 1
79 50 0
70 50 0
18 47 0
73 43 0
26 31 1
26 32 1
30 40 0
36 33 1
16 38 1
55 38 1
23 49 0
78 46 0
11 39 1
52 25 1
44 31 1
34 22 1
43 42 0
66 43 0
79 21 1
63 29 1
19 20 1
33 29 1
8 25 1
78 35 1
69 48 0
42 45 0
25 37 1
11 43 0
46 42 0
71 43 0
71 22 1
7 50 0
23 21 1
19 34 1
21 25 1
76 26 1
27 29 1
57 44 0
25 31 1
60 24 1
78 26 1
50 36 1
18 44 0
49 44 0
72 32 1
55 48 0
59 38 1
40 44 0
50 43 0
55 25 1
64 37 1
47 50 0
80 21 1
72 47 0
76 35 1
71 49 0
74 29 1
51 42 0
71 47 0
52 34 1
46 33 1
56 42 0
75 26 1
69 50 0
79 40 0
72 46 0
48 34 1
65 25 1
58 20 1
51 39 1
75 48 0
45 33 1
12 48 0
20 33 1
24 26 1
31 30 1
73 37 1
46 24 1
37 25 1
29 23 1
65 35 1
44 38 1
44 27 1
65 30 1
67 21 1
46 21 1
17 45 0
71 23 1
73 48 0
7 41 0
22 50 0
74 47 0
33 39 1
76 28 1
15 46 0
10 42 0
39 21 1
20 32 1
42 23 1
60 49 0
62 45 0
28 24 1
47 37 1
9 36 1
62 20 1
61 37 1
57 36 1
42 41 0
33 31 1
43 23 1
76 34 1
22 30 1
32 23 1
51 29 1
38 31 1
60 38 1
74 26 1
50 50 0
5 31 1
22 26 1
10 20 1
5 20 1
48 22 1
21 28 1
27 38 1
74 42 0
61 28 1
77 35 1
75 35 1
34 30 1
22 29 1
79 43 0
57 50 0
8 38 1
35 36 1
47 41 0
22 41 0
40 23 1
63 49 0
25 25 1
46 22 1
66 22 1
40 39 1
36 41 0
46 48 0
20 36 1
65 25 1
51 50 0
44 46 0
27 50 0
56 30 1
19 36 1
54 45 0
65 48 0
18 32 1
64 48 0
45 37 1
69 28 1
6 43 0
63 35 1
52 26 1
57 48 0
7 29 1
65 46 0
64 41 0
8 26 1
59 23 1
26 26 1
61 26 1
52 32 1
59 43 0
75 20 1
55 47 0
58 28 1
26 49 0
16 33 1
48 24 1
45 36 1
69 48 0
57 45 0
72 26 1
74 28 1
38 21 1
5 28 1
74 39 0
52 39 0
26 27 1
69 50 0
32 45 0
5 25 1
19 35 1
61 20 1
66 35 1
32 31 1
15 31 1
38 34 1
24 26 1
47 27 1
62 35 1
42 27 1
47 46 0
39 39 0
64 25 1
59 33 1
5 23 1
37 50 0
53 40 0
56 44 0
59 21 1
70 36 1
68 46 0
20 29 1
26 35 1
55 23 1
47 42 0
74 41 0
12 40 0
63 33 1
15 45 0
56 45 0
5 37 1
51 41 0
44 43 0
14 28 1
60 37 1
54 20 1
67 42 0
16 47 0
32 45 0
70 49 0
63 20 1
37 23 1
75 46 0
21 22 1
23 34 1
72 41 0
64 50 0
22 32 1
63 21 1
23 20 1
22 46 0
37 45 0
5 27 1
37 41 0
75 50 0
67 43 0
25 39 0
19 21 1
39 25 1
40 38 1
80 32 1
44 38 1
60 22 1
76 22 1
25 44 0
18 37 1
53 41 0
66 20 1
28 40 0
19 30 1
33 43 0
19 38 1
80 46 0
31 21 1
11 34 1
17 50 0
28 47 0
58 22 1
25 42 0
34 45 0
75 29 1
11 32 1
31 45 0
41 39 0
52 28 1
49 28 1
12 48 0
52 34 1
67 50 0
9 39 0
22 33 1
78 29 1
12 26 1
51 39 0
65 39 0
22 38 1
55 47 0
15 22 1
63 22 1
11 41 0
70 32 1
65 21 1
44 28 1
64 33 1
57 28 1
41 29 1
27 48 0
46 38 1
25 41 0
35 44 0
59 38 1
14 34 1
33 43 0
41 24 1
29 27 1
26 26 1
75 28 1
77 27 1
8 37 1
29 34 1
41 21 1
64 39 0
56 40 0
45 47 0
58 36 1
21 23 1
37 32 1
60 34 1
78 27 1
25 23 1
35 21 1
60 27 1
60 25 1
21 30 1
9 38 1
73 40 0
12 37 1
12 24 1
65 34 1
50 25 1
31 22 1
22 23 1
32 46 0
57 38 1
31 38 1
55 36 1
36 29 1
11 44 0
17 33 1
62 46 0
80 25 1
18 21 1
40 22 1
51 30 1
8 24 1
35 36 1
10 39 0
49 29 1
73 42 0
57 49 0
37 23 1
67 47 0
62 44 0
80 49 0
16 29 1
59 31 1
23 20 1
65 38 1
41 48 0
38 43 0
69 32 1
49 49 0
65 31 1
38 28 1
